0000000000000000000000000000000000000000000000000000000000000000000000000000000000000000000000000000000000000000000
0000000000000000000000000000000000000000000000000000000000000000000000000000000000000000000000000000000000000000000
0000000000000000000000000000000000000000000000000000000000000000000000000000000000000000000000000000000000000000000
0000000000000000000000000000000000000000000000000000000000000000000000000000000000000000000000000000000000000000000
0000000000000000000000000000000000000000000000000000000000000000000000000000000000000000000000000000000000000000000
0000000000000000000000000000000000000000000000000000000000000000000000000000000000000000000000000000000000000000000
0000000000000000000000000000000000000000000000000000000000000000000000000000000000000000000000000000000000000000000
0000000000000000000000000000000000000000000000000000000000000000000000000000000000000000000000000000000000000000000
0000000000000000000000000000000000000000000000000000000000000000000000000000000000000000000000000000000000000000000
0000000000000000000000000000000000000000000000000000000000000000000000000000000000000000000000000000000000000000000
0000000000000000000000000000000000000000000000000000000000000000000000000000000000000000000000000000000000000000000
0000000000000000000000000000000000000000000000000000000000000000000000000000000000000000000000000000000000000000000
0000000000000000000000000000000000000000000000000000000000000000000000000000000000000000000000000000000000000000000
0000000000000000000000000000000000000000000000000000000000000000000000000000000000000000000000000000000000000000000
0000000000000000000000000000000000000000000000000000000000000000000000000000000000000000000000000000000000000000000
0000000000000000000000000000000000000000000000000000000000000000000000000000000000000000000000000000000000000000000
0000000000000000000000000000000000000000000000000000000000000000000000000000000000000000000000000000000000000000000
0000000000000000000000000000000000000000000000000000000000000000000000000000000000000000000000000000000000000000000
0000000000000000000000000000000000000000000000000000000000000000000000000000000000000000000000000000000000000000000
0000000000000000000000000000000000000000000000000000000000000000000000000000000000000000000000000000000000000000000
0000000000000000000000000000000000000000000000000000000000000000000000000000000000000000000000000000000000000000000
0000000000000000000000000000000000000000000000000000000000000000000000000000000000000000000000000000000000000000000
0000000000000000000000000000000000000000000000000000000000000000000000000000000000000000000000000000000000000000000
0000000000000000000000000000000000000000000000000000000000000000000000000000000000000000000000000000000000000000000
0000000000000000000000000000000000000000000000000000000000000000000000000000000000000000000000000000000000000000000
0000000000000000000000000000000000000000000000000000000000000000000000000000000000000000000000000000000000000000000
0000000000000000000000000000000000000000000000000000000000000001111000000000000000000000000000000000000000000000000
0000000000000000000000000000000000000000000000000111111111111110000111111111111111000000000000000000000000000000000
0000000000000000000000000000000000000000000000000100000000000000000000000000000001000000000000000000000000000000000
0000000000000000000000000000000000000000000000000100000000000000000000000000000001000000000000000000000000000000000
0000000000000000000000000000000000000000000000000100000000000000000000000000000001000000000000000000000000000000000
0000000000000000000000000000000000000000000000000100000000000000000000000000000001000000000000000000000000000000000
0000000000000000000000000000000000000000000000000100000000000000000000000000000001000000000000000000000000000000000
0000000000000000000000000000000000000000000000000100000000000000000000000000000001000000000000000000000000000000000
0000000000000000000000000000000000000000000000000100000111111111111111111111000001000000000000000000000000000000000
0000000000000000000000000000000000000000000000000100000100000000000000000001000001000000000000000000000000000000000
0000000000000000000000000000000000000000000000000100000100000000000000000001000001000000000000000000000000000000000
0000000000000000000000000000000000000000000000000100000100000000000000000001000001000000000000000000000000000000000
0000000000000000000000000000000000000000000000000100000100000000000000000001000001000000000000000000000000000000000
0000000000000000000000000000000000000000000000000100000100000000000000000001000001000000000000000000000000000000000
0000000000000000000000000000000000000000000000000100000100000000000000000001000001000000000000000000000000000000000
0000000000000000000000000000000000000000000000000100000100000000000000000001000001000000000000000000000000000000000
0000000000000000000000000000000000000000000000000100000100000000000000000001000001000000000000000000000000000000000
0000000000000000000000000000000000000000000000000100000100000000000000000001000001000000000000000000000000000000000
0000000000000000000000000000000000000000000000000100000100000000000000000001000001000000000000000000000000000000000
0000000000000000000000000000000000000000000000000100000100000000000000000001000001000000000000000000000000000000000
0000000000000000000000000000000000000000000000000100000100000000000000000001000001000000000000000000000000000000000
0000000000000000000000000000000000000000000000000100000111111111111111111111000001000000000000000000000000000000000
0000000000000000000000000000000000000000000000000100000000000000000000000000000001000000000000000000000000000000000
0000000000000000000000000000000000000000000000000100000000000000000000000000000001000000000000000000000000000000000
0000000000000000000000000000000000000000000000000100000000000000000000000000000001000000000000000000000000000000000
0000000000000000000000000000000000000000000000000100000000000000000000000000000001000000000000000000000000000000000
0000000000000000000000000000000000000000000000000100000000000000000000000000000001000000000000000000000000000000000
0000000000000000000000000000000000000000000000000100000000000000000000000000000001000000000000000000000000000000000
0000000000000000000000000000000000000000000000000111111111111110000111111111111111000000000000000000000000000000000
0000000000000000000000000000000000000000000000000000000000000010000100000000000000000000000000000000000000000000000
0000000000000000000000000000000000000000000000000000000000000010000100000000000000000000000000000000000000000000000
0000000000000000000000000000000000000000000000000000000000000010000100000000000000000000000000000000000000000000000
0000000000000000000000000000000000000000000000000000000000000010000100000000000000000000000000000000000000000000000
0000000000000000000000000000000000000000000000000000000000000010000100000000000000000000000000000000000000000000000
0000000000000000000000000000000000000000000000000000000000000010000100000000000000000000000000000000000000000000000
0000000000000000000000000000000000000000000000000000000000000010000100000000000000000000000000000000000000000000000
0000000000000000000000000000000000000000000000000000000000000010000100000000000000000000000000000000000000000000000
0000000000000000000000000000000000000000000000000000000000000010000100000000000000000000000000000000000000000000000
0000000000000000000000000000000000000000000000000000000000000010000100000000000000000000000000000000000000000000000
0000000000000000000000000000000000000000000000000000000000000010000100000000000000000000000000000000000000000000000
0000000000000000000000000000000000000000000000000111111111111110000111111111111111000000000000000000000000000000000
0000000000000000000000000000000000000000000000000100000000000000000000000000000001000000000000000000000000000000000
0000000000000000000000000000000000000000000000000100000000000000000000000000000001000000000000000000000000000000000
0000000000000011111111111111111111111111000000000100000000000000000000000000000001000000000000000000000000000000000
0000000000000011110000000000000000000001000000000100000000000000000000000000000001000000000000000000000000000000000
0000000000000011110000000000000000000001000000000100000000000000000000000000000001000000000000000000000000000000000
0000000000000010000000000000000000000001000000000100000000000000000000000000000001000000000000000000000000000000000
0000000000000010000000000000000000000001000000000100000111111111111111111111000001000000000000000000000000000000000
0000000000000010000000000000000000000001000000000100000100000000000000000001000001000000000000000000000000000000000
0000000000000010000000000000000000000001000000000100000100000000000000000001000001000000000000000000000000000000000
0000000000000010000000000000000000000001000000000100000100000000000000000001000001000000000000000000000000000000000
0000000000000010000000000000000000000001000000000100000100000000000000000001000001000000000000000000000000000000000
0000000000000010000000000000000000000001000000000100000100000000000000000001000001000000000000000000000000000000000
0000000000000010000000000000000000000001000000000100000100000000000000000001000001000000000000000000000000000000000
0000000000000010000000000000000000000001000000000100000100000000000000000001000001000000000000000000000000000000000
0000000000000010000000000000000000000001000000000100000100000000000000000001000001000000000000000000000000000000000
0000000000000010000000000000000000000001000000000100000100000000000000000001000001000000000000000000000000000000000
0000000000000010000000000000000000000001000000000100000100000000000000000001000001000000000000000000000000000000000
0000000000000010000000000000000000000001000000000100000100000000000000000001000001000000000000000000000000000000000
0000000000000010000000000000000000000001000000000100000111111111111111111111000001000000000000000000000000000000000
0000000000000011111111110000011111111111000000000100000000000000000000000000000001000000000000000000000000000000000
0000000000000000000000010000010000000000000000000100000000000000000000000000000001000000000000000000000000000000000
0000000000000000000000010000010000000000000000000100000000000000000000000000000001000000000000000000000000000000000
0000000000000000000000010000010000000000000000000100000000000000000000000000000001000000000000000000000000000000000
0000000000000000000000010000010000000000000000000100000000000000000000000000000001000000000000000000000000000000000
0000000000000000000000010000010000000000000000000100000000000000000000000000000001000000000000000000000000000000000
0000000000000000000000010000010000000000000000000111111111111110000011111111111111000000000000000000000000000000000
0000000000000000000000010000010000000000000000000000000000000010000010000000000000000000000000000000000000000000000
0000000000000000000000010000010000000000000000000000000000000010000010000000000000000000000000000000000000000000000
0000000000000000000000010000010000000000000000000000000000000010000010000000000000000000000000000000000000000000000
0000000000000000000000010000010000000000000000000000000000000010000010000000000000000000000000000000000000000000000
0000000000000000000000010000010000000000000000000000000000000010000010000000000000000000000000000000000000000000000
0000000000000000000000010000010000000000000000000000000000000010000010000000000000000000000000000000000000000000000
0000000000000000000000010000010000000000000000000000000000000010000010000000000000000000000000000000000000000000000
0000000000000000000000010000010000000000000000000000000000000010000010000000000000000000000000000000000000000000000
0000000000000000000000010000010000000000000000000000000000000010000010000000000000000000000000000000000000000000000
0000000000000000000000010000010000000000000000000000000000000010000010000000000000000000000000000000000000000000000
0000000000000000000000010000010000000000000000000000000000000010000010000000000000000000000000000000000000000000000
0000000000000000000000010000010000000000000000000000000000000010000010000000000000000000000000000000000000000000000
0000000000000000000000010000011111111111111111111111111111111110000010000000000000000000000000000000000000000000000
0000000000000000000000010000000000000000000000000000000000000000000010000000000000000000000000000000000000000000000
0000000000000000000000010000000000000000000000000000000000000000000010000000000000000000000000000000000000000000000
0000000000000000000000010000000000000000000000000000000000000000000010000000000000000000000000000000000000000000000
0000000000000000000000010000000000000000000000000000000000000000000010000000000000000000000000000000000000000000000
0000000000000000000000010000000000000000000000000000000000000000000010000000000000000000000000000000000000000000000
0000000000000000000000010000000000000000000000000000000000000000000010000000000000000000000000000000000000000000000
0000000000000000000000011111111111111111111111100000111111111111111110000000000000000000000000000000000000000000000
0000000000000000000000000000000000000000000000100000100000000000000000000000000000000000000000000000000000000000000
0000000000000000000000000000000000000000000000100000100000000000000000000000000000000000000000000000000000000000000
0000000000000000000000000000000000000000000000100000100000000000000000000000000000000000000000000000000000000000000
0000000000000000000000000000000000000000000000100000100000000000000000000000000000000000000000000000000000000000000
0000000000000000000000000000000000000000000000100000100000000000000000000000000000000000000000000000000000000000000
0000000000000000000000000000000000000000000000100000100000000000000000000000000000000000000000000000000000000000000
0000000000000000000000000000000000000000000000100000100000000000000000000000000000000000000000000000000000000000000
0000000000000000000000000000000000000000000000100000100000000000000000000000000000000000000000000000000000000000000
0000000000000000000000000000000000000000000000100000100000000000000000000000000000000000000000000000000000000000000
0000000000000000000000000000000000000000000000100000100000000000000000000000000000000000000000000000000000000000000
0000000000000000000000000000000000000000000000100000100000000000000000000000000000000000000000000000000000000000000
0000000000000000000000000000000000000000000000100000100000000000011111111111111111111111111111111111100000000000000
0000000000000000000000000000000000000000000000100000100000000000010000000000000000000000000000000000100000000000000
0000000000000000000000000000000000000000000000100000100000000000010000000000000000000000000000000000100000000000000
0000000000000000000000000000000000000000000000100000100000000000010000000000000000000000000000000000100000000000000
0000000000000000000000000000000000000000000000100000100000000000010000000000000000000000000000000000100000000000000
0000000000000000000000000000000000000000000000100000100000000000010000000000000000000000000000000000100000000000000
0000000000000000000000000000000000000000000000100000111111111111110000000000000000000000000000000000100000000000000
0000000000000000000000000000000000000000000000100000000000000000000000000000000000000000000000000000100000000000000
0000000000000000000000000000000000000000000000100000000000000000000000000000000000000000000000000000100000000000000
0000000000000000000000000000000000000000000000100000000000000000000000000000000000000000000000000000100000000000000
0000000000000000000000000000000000000000000000100000000000000000000000000000000000000000000000000000100000000000000
0000000000000000000000000000000000000000000000100000000000000000000000000000000000000000000000000000100000000000000
0000000000000000000000000000000000000000000000100000000000000000000000000000000000000000000000000000100000000000000
0000000000000000000000000000000000000000000000111111111111111111110000000000000000000000000000000000100000000000000
0000000000000000000000000000000000000000000000000000000000000000010000000000000000000000000000000000100000000000000
0000000000000000000000000000000000000000000000000000000000000000010000000000000000000000000000000000100000000000000
0000000000000000000000000000000000000000000000000000000000000000010000000000000000000000000000000000100000000000000
0000000000000000000000000000000000000000000000000000000000000000010000000000000000000000000000000000100000000000000
0000000000000000000000000000000000000000000000000000000000000000010000000000000000000000000000000000100000000000000
0000000000000000000000000000000000000000000000000000000000000000010000000000000000000000000000000000100000000000000
0000000000000000000000000000000000000000000000000000000000000000011111111111111000000001111111111111100000000000000
0000000000000000000000000000000000000000000000000000000000000000000000000000001000000001000000000000000000000000000
0000000000000000000000000000000000000000000000000000000000000000000000000000001000000001000000000000000000000000000
0000000000000000000000000000000000000000000000000000000000000000000000000000001000000001000000000000000000000000000
0000000000000000000000000000000000000000000000000000000000000000000000000000001000000001000000000000000000000000000
0000000000000000000000000000000000000000000000000000000000000000000000000000001000000001000000000000000000000000000
0000000000000000000000000000000000000000000000000000000000000000000000000000001000000001000000000000000000000000000
0000000000000000000000000000000000000000000000000000000000000000000000000000001000000001000000000000000000000000000
0000000000000000000000000000000000000000000000000000000000000000000000000000001000000001000000000000000000000000000
0000000000000000000000000000000000000000000000000000000000000000000000000000001000000001000000000000000000000000000
0000000000000000000000000000000000000000000000000000000000000000000000000000001111111111000000000000000000000000000