0000000000000000000000000000000000000000000000000000000000000000
0000000000000000000000000000000000000000000000000000000000000000
0000000000000000000000000000000000000000000000000000000000000000
0000000000000000000000000000000000000000000000000000000000000000
0000000000000000000000000000000000000000000000000000000000000000
0000000000000000000000000000000000000000000000000000000000000000
0000000000000000000000000000000000000000000000000000000000000000
0000000000000000000000000000000000000000000000000000000000000000
0000000000000000000000000000000000000000000000000000000000000000
0000000000000000000000000000000000000000000000000000000000000000
0000000000000000000000000000000000000000000000000000000000000000
0000000000000000000000000000000000000000000000000000000000000000
0000000000000000000000000000000000000000000000000000000000000000
0000000000000000000000000000000000000000000000000000000000000000
0000000000000000000000000000000000000000000000000000000000000000
0000000000000000000000000000000000000000000000000000000000000000
0000000000000000000000000000000000000000000000000000000000000000
0000000000000000000000000000000000000000000000000000000000000000
0000000000000000000000000000000000000000000000000000000000000000
0000000000000000000000000000000000000000000000000000000000000000
0000000000000000000000000000000000000000000000000000000000000000
0000000000000000000000000000000000000000000000000000000000000000
0000000000000000000000000000000000000000000000000000000000000000
0000000000000000000000000000000000000000000000000000000000000000
0000000000000000000000000000000000000000000000000000000000000000
0000000000000000000000000000000000000000000000000000000000000000
0000000000000000000000000000000000000000000000000000000000000000
0000000000000000000000000000000000000000000000000000000000000000
0000000000000000000000000000000000000000000000000000000000000000
0000000000000000000000000000000000000000000000000000000000000000
0000000000000000000000000000000000000000000000000000000000000000
0000000000000000000000000000000000000000000000000000000000000000
0000000000000000000000000000000000000000000000000000000000000000
0000000000000000000000000000000000000000000000000000000000000000
0000000000000000000000000000000000000000000000000000000000000000
0000000000000000000000000000000000000000000000000000000000000000
0000000000000000000000000000000000000000000000000000000000000000
0000000000000000000000000000000000000001111111110000000000000000
0000000000000000000000000000000000000001000000110000000000000000
0000000000000000000000000000001111111111000000111111111100000000
0000000000000000000000000000001000000000000000000000000100000000
0000000000000000000000000000001000000000000000000000000100000000
0000000000000000000000000000001000000000000000000000000100000000
0000000000000000000000000000001000000000000000000000000100000000
0000000000000000000000000000001000000000000000000000000100000000
0000000000000000000000000000001000000000000000000000000100000000
0000000000000000000000000000001000001111111111111100000100000000
0000000000000000000000000000001000001000000000000100000100000000
0000000000000000000000000000001000001000000000000100000100000000
0000000000000000000000000000001000001000000000000100000100000000
0000000000000000000000000000001000001000000000000100000100000000
0000000000000000000000000000001000001000000000000100000100000000
0000000000000000000000000000001000001000000000000100000100000000
0000000000000000000000000000001000001000000000000100000100000000
0000000000000000000000000000001000001000000000000100000100000000
0000000000000000000000000000001000001000000000000100000100000000
0000000000000000000000000000001000001000000000000100000100000000
0000000000000000000000000000001000001000000000000100000100000000
0000000000000000000000000000001000001111111111111100000100000000
0000000000000000000000000000001000000000000000000000000100000000
0000000000000000000000000000001000000000000000000000000100000000
0000000000000000000000000000001000000000000000000000000100000000
0000000000000000000000000000001000000000000000000000000100000000
0000000000000000000000000000001000000000000000000000000100000000
0000000000000000000000000000001000000000000000000000000100000000
0000000000000000000000000000001000000000000000000000000100000000
0000000000000000000000000000001111111111000000111111111100000000
0000000000000000000000000000000000000001000000100000000000000000
0000000000000000000000000000000000000001000000100000000000000000
0000000000000000000000000000000000000001000000100000000000000000
0000000000000000000000000000000000000001000000100000000000000000
0000000000000000000000000000000000000001000000100000000000000000
0000000000000000000000000000000000000001000000100000000000000000
0000000000000000000000000000000000000001000000100000000000000000
0000000000000000000000000000000000000001000000100000000000000000
0000000000000000000000000000000000000001000000100000000000000000
0000000000000000000000000000000000000001000000100000000000000000
0000000000000000000000000000000000000001000000100000000000000000
0000000000000000000000000000000000000001000000100000000000000000
0000000000000000000000000000000000000001000000100000000000000000
0000000000000000000000000000000000000001000000100000000000000000
0000000000000000000000000000000000000001000000100000000000000000
0000000000000000000000000000000000000001000000100000000000000000
0000000000000000000000000000000000000001000000100000000000000000
0000000000000000000000000000000000000001000000100000000000000000
0000000000000000000000000000000000000001000000100000000000000000
0000000000000000000000000000000000000001000000100000000000000000
0000000000000000000000000000000000000001000000100000000000000000
0000000000000000000000000000000000000001000000100000000000000000
0000000000000000000000000000000000000001000000100000000000000000
0000000000000000000000000000000000000001000000100000000000000000
0000000000000000000000000000000000000001000000100000000000000000
0000000000000000000000000000000000000001000000100000000000000000
0000000000000000000000000000000000000001000000100000000000000000
0000000000000000000000000000000000000001000000100000000000000000
0000000000000000000000000000000000000001000000100000000000000000
0000000000000000000000000000000000000001000000100000000000000000
0000000000000000000000000000000000000001000000100000000000000000
0000000000000000000000000000000000000001000000100000000000000000
0000000000000000000000000000000000000001000000100000000000000000
0000000000000000000000000000000000000001000000100000000000000000
0000000000000000000000000000000000000001000000100000000000000000
0000000000000000000000000000000000000001000000100000000000000000
0000000000000000000000000000000000000001000000100000000000000000
0000000000000000000000000000000000000001000000100000000000000000
0000000000000000000000000000000000000001000000100000000000000000
0000000000000000000000000000000000000001000000100000000000000000
0000000000000000000000000000000000000001000000100000000000000000
0000000000000000000000000000000000000001000000100000000000000000
0000000000000000000000000000000000000001000000100000000000000000
0000000000000000000000000000000000000001000000100000000000000000
0000000000000000000000000000000000000001000000100000000000000000
0000000000000000000000000000000000000001000000100000000000000000
0000000000000000000000000000000000000001000000100000000000000000
0000000000000000000000000000000000000001000000100000000000000000
0000000000000000000000000000000000000001000000100000000000000000
0000000000000000000000000000000000000001000000100000000000000000
0000000000000000000000000000000000000001000000100000000000000000
0000000000000000000000000000000000000001000000100000000000000000
0000000000000000000000000000000000000001000000100000000000000000
0000000000000000000000000000000000000001000000100000000000000000
0000000000000000000000000000000000000001000000100000000000000000
0000000000000000000000000000000000000001000000100000000000000000
0000000000000000000000000000000000000001000000100000000000000000
0000000000000000000000000000000000000001000000100000000000000000
0000000000000000000000000000000000000001000000100000000000000000
0000000000000000000000000000000000000001000000100000000000000000
0000000000000000000000000000000000000001000000100000000000000000
0000000000000000000000000000000000000001000000100000000000000000
0000000000000000000000000000000000000001000000100000000000000000
0000000000000000000000000000000000000001000000100000000000000000
0000000000000000000000000000000000000001000000100000000000000000
0000000000000000000000000000000000000001000000100000000000000000
0000000000000000000000000000000000000001000000100000000000000000
0000000000000000000000000000000000000001000000100000000000000000
0000000000000000000000000000000000000001000000100000000000000000
0000000000000000000000000000000000000001000000100000000000000000
0000000000000000000000000000000000000001000000100000000000000000
0000000000000000000000000000000000000001000000100000000000000000
0000000000000000000000000000000000000001000000100000000000000000
0000000000000000000000000000000000000001000000100000000000000000
0000000000000000000000000000000000000001000000100000000000000000
0000000000000000000111111111111111111111000000100000000000000000
0000000000000000000100000000000000000000000000100000000000000000
0000000000000000000100000000000000000000000000100000000000000000
0000000000000000000100000000000000000000000000100000000000000000
0000000000000000000100000000000000000000000000100000000000000000
0000000000000000000100000000000000000000000000100000000000000000
0000000000000000000100000000000000000000000000100000000000000000
0000000000000000000111111111111111111111111111100000000000000000
0000000000000000000000000000000000000000000000000000000000000000
0000000000000000000000000000000000000000000000000000000000000000
0000000000000000000000000000000000000000000000000000000000000000
0000000000000000000000000000000000000000000000000000000000000000
0000000000000000000000000000000000000000000000000000000000000000